[Please note that it has been brought to our attention that these pixel
sensitivity functions should not have flat regions.  We are in the process of
recalibrating the camera with desaturated radiants in order to allow the
sensitivities to drop below zero.  We will post the results when they are
complete.]

394 0.0112 0.0021 0.0118
399 0.0121 0.0015 0.0155
404 0.0120 0.0006 0.0213
408 0.0214 0.0000 0.0734
414 0.0671 0.0000 0.3350
420 0.1281 0.0000 0.9391
424 0.1276 0.0000 1.4272
430 0.0715 0.0000 1.5398
434 0.0337 0.0000 1.6198
438 0.0095 0.0000 1.7733
444 0.0062 0.0000 1.9646
448 0.0053 0.0000 1.9453
452 0.0035 0.0000 1.9706
458 0.0014 0.0000 1.9445
464 0.0003 0.0008 1.9075
468 0.0002 0.0332 1.8541
472 0.0001 0.1655 1.7034
478 0.0001 0.2547 1.5308
482 0.0000 0.3411 1.4058
488 0.0000 0.4267 1.1567
492 0.0000 0.5498 1.0599
496 0.0000 0.7206 0.8156
502 0.0000 0.9780 0.5651
508 0.0000 1.1413 0.2912
512 0.0000 1.3313 0.1302
516 0.0000 1.4723 0.0065
522 0.0000 1.5863 0.0000
526 0.0000 1.6677 0.0000
530 0.0000 1.5874 0.0000
536 0.0000 1.5439 0.0000
540 0.0000 1.5383 0.0000
546 0.0000 1.4744 0.0000
550 0.0000 1.3669 0.0000
556 0.0000 1.2574 0.0000
560 0.0000 1.1481 0.0000
566 0.0004 1.0340 0.0000
570 0.4254 0.9662 0.0000
576 1.4725 0.8244 0.0000
580 2.4840 0.6781 0.0000
586 3.2425 0.5281 0.0019
590 3.5184 0.4108 0.0192
596 3.5139 0.2989 0.0431
600 3.3546 0.1905 0.0621
606 3.2372 0.1299 0.0720
610 3.0021 0.0843 0.0752
616 2.7316 0.0553 0.0736
620 2.5116 0.0421 0.0702
626 2.2063 0.0309 0.0639
630 2.0217 0.0257 0.0599
636 1.8261 0.0212 0.0536
642 1.5961 0.0170 0.0478
646 1.2737 0.0127 0.0379
650 1.1996 0.0115 0.0348
656 1.0101 0.0104 0.0296
660 0.8456 0.0097 0.0252
666 0.6096 0.0084 0.0188
672 0.3703 0.0065 0.0104
676 0.2002 0.0044 0.0060
682 0.1204 0.0034 0.0034
686 0.0633 0.0023 0.0016
692 0.0347 0.0016 0.0008
698 0.0210 0.0013 0.0005
702 0.0142 0.0010 0.0004
706 0.0087 0.0007 0.0003
